# SPDX-FileCopyrightText: Copyright (c) 2026 NVIDIA CORPORATION & AFFILIATES. All rights reserved.
# SPDX-License-Identifier: Apache-2.0

# Ising fast sequential no-EWC stage T0_base.

model_id: 1
distance: 9
n_rounds: 9

workflow:
  task: train

data:
  code_rotation: O1
  noise_model:
    p_prep_X: 0.0010000
    p_prep_Z: 0.0010000
    p_meas_X: 0.0100000
    p_meas_Z: 0.0100000
    p_idle_cnot_X: 0.0003330
    p_idle_cnot_Y: 0.0003330
    p_idle_cnot_Z: 0.0003330
    p_idle_spam_X: 0.0006670
    p_idle_spam_Y: 0.0006670
    p_idle_spam_Z: 0.0006670
    p_cnot_IX: 0.0006670
    p_cnot_IY: 0.0006670
    p_cnot_IZ: 0.0006670
    p_cnot_XI: 0.0006670
    p_cnot_XX: 0.0006670
    p_cnot_XY: 0.0006670
    p_cnot_XZ: 0.0006670
    p_cnot_YI: 0.0006670
    p_cnot_YX: 0.0006670
    p_cnot_YY: 0.0006670
    p_cnot_YZ: 0.0006670
    p_cnot_ZI: 0.0006670
    p_cnot_ZX: 0.0006670
    p_cnot_ZY: 0.0006670
    p_cnot_ZZ: 0.0006670
